[-2.53358969e-02  6.47143941e-01 -1.39643985e+00  1.90472792e-01
  5.29730852e-01  3.15015068e-01 -1.05270169e+00  1.46630084e+00
 -2.35637890e-01 -2.44876178e+00 -1.68835993e+00  1.63340871e+00
 -2.73212001e-01  2.25931791e-01 -2.05751612e+00 -1.14569566e+00
 -1.87403338e+00  1.12191386e+00 -1.88335208e-01  4.53045597e-01
  5.53905579e-01 -1.37515436e+00  4.06911942e-01  4.53483652e-01
 -4.71919645e-01  4.71137607e-01  1.00754628e+00 -2.46651568e+00
  3.29223568e-01 -5.37371910e-01 -5.53761856e-02  2.75392937e-01
  7.04371850e-01  1.84338864e+00  4.84416219e-01 -4.16918825e-01
  8.63360488e-01  2.98860840e-01  4.31696612e-01 -7.45783014e-02
 -1.44475910e-01  1.00968358e+00  6.60544858e-01  9.33967102e-01
  1.21336946e-01  1.07176255e+00 -2.67725804e-01 -4.05759119e-04
 -5.75394047e-01 -1.65741802e+00 -5.37027916e-01  1.35180805e+00
  4.97852137e-01  2.68534544e-01 -1.05894543e+00 -1.13887469e+00
 -1.48777353e+00  6.47816587e-01 -2.50746307e-01 -2.66864445e-01
  5.54787543e-01  9.98204519e-01  1.71873274e+00  5.82187773e-01
  1.81168688e-01 -1.93352076e-01  3.86472206e-01 -1.38326053e+00
  1.55530970e-01  8.54670197e-01  1.90289676e+00  6.22648859e-01
 -9.59939638e-03  1.66602005e-01  8.02640533e-02  1.15183898e+00
 -3.67174264e-01 -5.01495581e-01 -2.29168359e-01 -7.86673546e-02
  1.77942591e-01 -1.97474308e+00 -5.46991798e-01  5.52669371e-01
  4.60848421e-01 -1.03787486e+00  4.26704581e-01  5.98243765e-01
  2.80622928e+00  4.76742366e-02 -7.03352304e-01  1.37952415e+00
 -2.60309738e-01  6.85853289e-01 -2.17461748e+00  2.03561068e+00
  9.33672101e-01 -1.07147394e+00  1.69805813e+00 -1.60506533e+00
 -1.58154352e+00  1.24812130e+00  3.21018293e-01 -3.87504448e-02
 -1.58067425e+00 -4.22375471e-01 -9.04720880e-01  3.73141851e-01
 -9.69222551e-01 -1.54727805e+00 -2.74422144e-01  1.08619377e+00
 -3.37478562e-01 -1.32494342e+00  8.75764921e-01 -6.50664412e-01
 -7.55882054e-01  4.22087872e-01 -5.28938309e-02  8.43562776e-01
  4.80378881e-01  4.15208029e-02 -5.19625676e-02 -4.59460955e-01
 -3.20763637e-02 -7.61893832e-01 -9.12062058e-02  2.22849497e-01
  1.99531613e+00  1.43182539e-01  1.05568223e+00 -1.66645637e+00
  1.36150553e+00  4.05517005e-01  1.69422261e+00  3.88581594e-01
  1.43803354e+00 -1.98057976e+00 -3.33197811e-02  3.65319283e-01
 -1.04371235e+00 -1.28301476e+00 -2.43606193e+00  2.44982495e-01
  4.81803025e-01 -1.97835564e+00 -1.32711327e+00 -3.37307869e-01
 -1.20796570e-01  8.80133538e-01  1.01424506e-01 -9.67578909e-01
 -6.23867098e-02 -1.25721789e+00  1.39367796e+00  7.71699597e-01
 -6.37925375e-01  2.62675002e-01 -1.02721572e+00  6.23328447e-01
  1.38853336e-01 -4.95810486e-02 -1.78244357e+00 -5.86673191e-02
  4.37411590e-01  1.06491143e+00 -1.20524330e+00  2.52178990e-02
  1.76311121e+00  1.11668412e+00 -6.87751398e-01 -2.48334075e+00
 -3.61985225e-01  1.59443598e-01  1.19729168e+00 -1.46913158e+00
 -6.04639461e-01 -5.85007102e-01 -7.67872182e-01 -1.48657977e+00
  1.05848894e-01 -7.28653599e-01  6.31728004e-01  1.34924818e+00
 -2.71957043e+00  4.40154472e-02  1.34089863e+00 -7.20674490e-01
  9.35581832e-01  7.79629054e-01 -1.17738747e+00  6.93202147e-01
  1.85689180e-01  7.05930133e-01 -1.97541667e+00  7.18162130e-01
 -1.45600918e-01  1.01843103e+00  1.53737675e-01  1.34108800e+00
 -1.04216531e+00 -8.06947887e-01  1.06424613e+00  6.14912016e-01
  2.36953278e-01  6.48070518e-01 -1.10235571e+00 -3.40481984e-01
 -5.12991357e-01  7.27227473e-01 -5.52771285e-01  1.16131004e+00
  8.15796937e-01  9.16520888e-01  3.53131338e-01 -1.53219486e+00
 -9.71531328e-01 -9.93251274e-01  1.13479073e+00  1.10628967e+00
  1.88850484e+00 -1.52774658e+00 -6.23196432e-01  2.72051053e-02
 -5.48119519e-01  1.09764583e+00  1.91038222e+00  1.34983860e+00
  1.07290779e+00 -1.55494489e-01 -2.43275273e-01 -3.33588200e-01
  2.89774229e-01 -1.73754079e-01 -9.42573546e-01  8.92785288e-01
 -1.39802573e+00  8.33762462e-01  4.82132010e-02  2.57846290e-01
 -1.21808158e+00 -4.16649895e-01  1.51643588e+00  2.14571629e+00
 -2.75723999e-01  7.96024761e-01 -1.03682441e+00 -2.82023949e-01
  5.84810343e-01 -1.26211943e+00 -1.99090785e+00  6.65454229e-01
 -3.93556297e-01 -8.72528173e-03 -8.60994254e-01  8.61251464e-01
 -9.57992969e-01 -2.42198696e+00  5.79427819e-01 -1.56551179e-01
  1.99792821e+00  4.58361674e-01  9.87165831e-02 -1.80822562e+00
  8.26865886e-01  2.18076726e-01 -5.75757988e-01 -9.47299321e-01
 -3.74029969e-01 -4.61524792e-01 -6.79717743e-02 -4.56406764e-01
  3.77765835e-03 -3.12804327e-01  2.95025603e-01  6.58086168e-02
 -2.94383981e-01 -9.73515306e-01  5.38977376e-02  1.28004295e+00
 -1.21358661e-02  2.04157193e-01 -6.10516403e-01 -1.42337010e-01
 -1.35872020e-01  1.20002558e+00  3.85597389e-01 -3.34803810e-02
 -2.15236397e-01 -1.37411313e-01 -3.47723488e-01  7.87663484e-01
 -3.58411551e-02 -2.00348987e+00 -4.13414249e-01  1.85666060e+00
  1.91151461e+00 -5.18832819e-01 -2.39728717e-01  1.36308349e+00
  1.28191022e+00  9.72483995e-01 -6.43126248e-01  9.59239503e-01
 -7.00485337e-01 -3.23661136e-02 -1.46274768e+00 -2.67414141e-01
  1.01785338e+00 -8.21507138e-01 -1.07929820e-01  7.43338724e-01
  1.10483186e+00  2.88996138e-01 -7.94174478e-01  6.96037814e-02
  3.96766948e-01 -5.64554491e-01  1.81991838e+00  2.29994264e-01
 -1.54432145e-01 -2.56812767e+00 -1.61618952e+00  3.19890037e-01
 -3.89405768e-01 -1.20725115e+00  5.59142695e-01 -2.23478201e-01
 -7.19267377e-01 -2.76321727e-01  1.74522908e-01  4.76229334e-02
  7.20901839e-01 -2.35917518e+00 -3.19793737e-01 -2.73778128e+00
 -8.27356118e-01 -3.63737939e-01 -8.90877292e-01  3.85713833e-01
 -1.14099343e+00 -5.17020890e-02 -4.69325719e-01 -1.29253980e+00
  8.95780681e-01 -1.57160169e-01  1.60983289e+00  7.31945118e-01
  2.34380164e+00  4.52895470e-01  9.15760741e-01 -1.02886655e+00
 -5.62782586e-01  2.02928814e+00  1.19245860e+00  9.52397015e-01
  1.89096851e+00 -2.18420501e+00  1.92655054e+00 -9.83234161e-01
  7.28975025e-01  1.46172525e+00 -1.42031351e+00 -1.08165745e+00
  1.85576065e+00 -1.40790379e+00 -1.71261011e+00  8.27184078e-01
  7.71609862e-01 -1.41708679e+00  9.97632940e-01  2.57081496e+00
 -4.32266898e-02  2.07275897e+00 -8.21865161e-01 -1.21171468e+00
 -1.06263776e+00  9.34267852e-01 -5.72439077e-01  5.68942532e-01
 -2.78274884e-02 -3.51178055e-01 -9.59677426e-01 -1.83308142e+00
 -3.76635395e-01 -9.23785573e-01 -9.25594472e-01  8.49137419e-01
  3.04153566e-02 -1.49073061e+00 -5.35087771e-01 -8.60332254e-01
 -5.30675584e-01  9.52261380e-01  9.00689513e-01  1.79674173e+00
 -7.21987526e-01 -2.03269111e-01  7.73928006e-01  3.39042727e-01
 -3.09300335e-01 -2.30618649e+00 -1.25440524e-01 -2.08195399e+00
 -5.57724981e-01 -2.31710603e-01 -3.77436147e-01 -5.56240186e-01
 -3.35774178e-01 -4.66107073e-01  1.59030992e-01  2.19915253e-01
  5.89727225e-01 -8.37007410e-01  5.85885071e-01 -1.11726409e+00
 -6.34880390e-01  5.18891628e-01 -2.35071921e-02 -1.29305381e+00
  5.87233890e-02  2.22930163e-01 -5.67040815e-01  5.63494629e-01
 -2.75694619e+00  2.31038760e-01 -9.81525989e-01 -9.00901443e-01
  4.85808985e-01 -2.17318507e-01  7.15592694e-02 -1.33005680e+00
 -3.76370899e-01 -5.54823104e-01 -1.44342370e+00 -6.59244470e-01
  4.39650396e-01 -1.16863707e+00 -1.03644327e+00 -1.96566745e-01
 -4.76913803e-01 -3.21593949e-01  1.90082677e-01  4.11889388e-01
  7.37255987e-01  7.35060996e-01 -2.20669667e-01 -1.05801041e+00
 -8.99674491e-03 -3.39699383e-01 -7.78665217e-01 -2.17941949e+00
  1.61927236e+00 -1.17167521e+00 -4.64824582e-01 -2.23814932e+00
 -4.25467699e-01 -2.78032667e-01 -5.20747152e-01 -2.64011116e-01
  2.98669176e-02  6.63545383e-01 -9.64942584e-02 -8.09623238e-01
  1.09251494e+00 -4.89853609e-01  7.65424635e-02  1.10200900e+00
 -2.89943888e-02  1.84458172e+00 -1.24346155e+00  1.06287664e+00
 -1.18206259e+00 -3.11327636e-01 -9.00100577e-01  7.57556099e-01
  2.40358681e+00  1.14974545e+00 -7.99657762e-01 -9.48440979e-01
  1.44210106e+00 -4.77191990e-01  4.63336383e-01  1.84532929e-01
 -3.63243925e-02  4.19709607e-01  6.04381676e-01 -1.64703374e-01
 -4.55558310e-01  3.03800373e-01 -2.36478541e-01 -6.81184688e-01
 -6.96560794e-01  1.60326088e+00 -7.39714545e-01 -9.34303650e-01
  1.31481864e+00 -4.35246343e-01 -3.04942216e-01 -6.35773985e-01
  3.77205086e-01 -4.71899587e-01 -1.21306726e+00  1.27529809e+00
 -7.32286554e-01  9.73106600e-01 -2.25105116e+00 -5.68041717e-01
 -1.35456230e-01  4.24832121e-01  1.20396192e-01 -3.94944084e-01]
